bread 293 305 306 307 450 474 478 482 528 540 558
project 488 492 609 619 625 666
pihole 667
daily 529
brewery 596
evoker 3
bash 125 133 221 249 279 33 652 655 660 679 680 681 79 94
cloud 412 587
job 476
music 472
razer 613
programming 100 101 112 136 489 510 544
macos 247 506 552 88
trooper 581
freebsd 562 572 575 585 625 672
dell 564
google 617
twitch 59 80
css 215 538 541 547 657 677
email 117
fleeting 118 200 669
aws 339 352 376 406 412 587
recipe 452 455
holiday 299 450
types 601
dns 578 636 667 668
workstation 545 546 552 88 91
html 657 677
article 569 77
wsl 279
unix 280 606 654 672 673
ingredient 615 630 632 642
editor 544
todo 101 500 503
tauri 493
ocaml 489 500
operations 117 505
task 136 492 584 586 590 610 629 661 664 667 678 681
react-native 516
homelab 562 563 578 579 580 581 584 590 610 622 626 629 661 667
android 612
pfsense 578 611 629
mixology 463 464 465
camping 524 526
wordpres 185
sourdough 293 294 295 298 299 301 302 303 305 306 307 308 310 311 312 317 328 331 428 431 441 450 451 457 459 462 474 478 482 528 558 561 588 591 608 614 640
cooking 470
worksation 104
solved 96
standards 554
devSecOps 352
microsoft 569
webdev 185 215 217 256 370 453 513 541 599 657 669 677
legion 32
ops 279
homelap 663
streamer 491 557
debian 625 635 674 676
keg 268
macosx 100 104 118 136 316 532 535 574 576 577 583 606 625 633 654 656 91 94
feature 636
hotspot 519
intellij 546
wordpress 217
thunderbolt 564 613
service 412
gardening 468 470
debugging 503
notetaking 200 618 623 649 651 666
twm 316
uzbek 441
cards 454
diablo4 108
k8s 578
security 352 570
deno 112 599
node 112 429 448 456 495 496 497 506 599
github 504
ubnutu 571
macOSX 548
react 112 516
wireguard 376
knut 522
knutjs 609 665
rust 600
networking 567 585 611 626 675
pullman 310
company 631
concert 472
design 215
dotfiles 221 625 655 656 664 681
ubuntu 625
sambda 535
maxOSX 109
coding 499
mobiledev 516
freebs 629
brewing 597
go 34 679
swe 77
zettelkhasten 651
zsh 161 655
ai 569
virtualization 574 633 635
issue 592 599 621 96
zettelkasten 665 666
vscode 136 485
gui 600
coffee 598
theory 601
biology 490
devops 124 163 578
wow 3 32 520 521
sql 652 653
gaming 3 581
pizza 294 295 297 298 301 302 303 308 309 312 317 332 614 615 616
public 481
sysadmin 133 566 567 571 572 575 578 585
mariadb 652 653
mcr 682
webpack 487
M23SS 144
running 593 682
book 500
raspberrypi 622 663
proxmox 635 661
qemu 532 574 633
health 490
ansible 159
hardware 332 333 563 564 568 579 581 583 612 613 639 663
wine 433
event 515
dragonflight 521
typescript 112 249 370 429 446 448 456 485 487 495 496 497 499 513 516 536 599 601 602
rsync 680
javascript 429 485 487 495 496 499 513
publicrelations 517
virtualisation 532 576 577 578
telescope 647
git 280 544
os 654
overview 623 647 649
samsung 612
frontend 541
mobile 333 519 522
career 476
www 668
place 523 596 597 598 603 638
php 185 531
diablo 108
firefox 503
nvim 619 621
person 557 59 627 80
windows 545
research 108 316 568 593 639
lenovo 563 580
vpn 376
linux 109 280 532 566 606 675 676 79
flour 615 630 648
cicd 504
meetup 144 515
macOS 551
flutter 333
tech 515
baking 293 294 295 296 297 298 299 301 302 303 304 305 306 307 308 309 310 311 312 317 328 331 332 428 431 441 450 451 457 458 459 462 474 478 482 528 540 558 561 588 591 592 608 614 615 630 632 640 642 648
cli 124 125 133 161 163 280 33 550 556 606 652 660 679 680 681 79 94
quad9 668
neovim 19 497 551 586 647 678
architecture 485 487
minecraft 505
phone 519
scripting 33
